10 5
770 253 477 335 429
794 495 221 223 487
550 16 277 443 482
523 750 123 491 847
172 752 564 501 221
79 84 600 670 88
248 876 858 709 924
837 439 316 877 431
266 535 67 190 924
604 637 519 241 578
944 89 941 487 697
392 337 322 103 616
798 783 448 821 684
70 560 598 753 462
678 968 989 956 883
245 868 30 486 370
125 613 197 980 608
549 911 995 352 968
253 914 275 403 171
847 653 51 170 128
951 602 971 209 485
821 991 758 215 440
460 331 583 859 506
742 679 425 390 371
46 659 945 373 584
24 618 274 601 369
577 621 300 672 466
58 268 832 235 928
701 141 304 342 844
736 884 948 193 908
460 355 614 873 368
395 832 911 770 320
248 7 215 875 980
289 977 244 738 993
555 540 314 54 345
259 993 501 390 215
764 863 457 58 569
122 447 845 205 914
64 13 342 964 882
712 598 248 727 767
993 205 994 329 263
952 932 72 141 489
229 852 610 906 935
602 426 856 701 440
340 9 874 312 765
581 437 603 272 522
556 768 447 533 283
755 345 244 591 779
584 38 965 58 465
684 151 -10 195 829
813 54 58 978 887
-10 980 958 308 612
866 206 394 327 331
866 268 864 633 487
946 203 204 535 299
863 218 424 202 54
365 188 32 891 29
149 257 855 202 867
300 104 305 29 -2
971 971 652 719 23
298 13 666 242 817
944 899 738 393 365
54 96 233 359 820
544 926 657 882 194
276 728 259 993 475
990 50 411 308 95
110 503 306 -9 321
206 303 828 706 122
97 243 201 821 798
183 732 979 463 939
554 898 840 147 313
213 442 796 994 201
433 852 256 623 290
690 942 985 101 805
321 238 973 27 963
173 858 630 636 141
331 685 924 791 926
407 69 466 148 270
473 136 728 549 19
192 902 633 682 197
98 526 445 448 542
583 234 315 904 938
359 711 870 476 662
890 723 14 800 334
212 555 758 615 312
878 840 601 480 426
308 865 237 40 974
958 714 330 326 344
180 783 303 938 743
703 727 695 236 930
112 466 949 972 20
552 523 320 454 139
712 565 41 53 207
333 437 88 418 999
676 486 336 635 49
555 465 293 622 663
850 128 667 96 535
67 981 697 285 515
104 641 32 485 307
976 1 457 487 943
